# Created by Octave 4.2.1, Sun Jun 25 19:26:43 2017 GMT <unknown@unknown>
# name: bout_essai
# type: matrix
# rows: 1
# columns: 2
 1234 223


